Nispero 4.9644 1.39315 16.4526 3.89438
DOLAR 5.7196 1.48783 5.6544 1.55336
capulin 2.61486 1.20133 9.07189 1.37513
Bambu 2.5816 0.476329 13.7788 2.19698
ficus 3.9352 0.339325 8.3436 0.797171
Eucalipto 1.4976 0.302457 12.2568 3.22683
Manzana 3.5388 0.589308 6.6184 1.00803
Granada 2.15694 0.656764 5.72306 1.16845
Nogal 5.388 1.48619 11.042 3.04891
Aguacate 5.8996 1.62346 12.7552 2.85788
Nanche 2.63831 0.588282 7.9 1.9697
Fresno 4.052 0.904438 9.5904 2.21121
Naranja 3.8412 0.861226 8.1832 1.62173
Rosa 3.2944 0.679629 5.5756 1.0913
