Nispero 5.00622 1.38576 16.5517 3.9068
DOLAR 5.868 1.44013 5.78978 1.5277
capulin 2.66071 1.24737 9.20134 1.32711
Bambu 2.58756 0.479142 13.7938 2.19051
ficus 3.924 0.34272 8.32267 0.801657
Eucalipto 1.48489 0.310016 12.008 3.11904
Manzana 3.53156 0.602843 6.62578 1.02276
Granada 2.17791 0.665988 5.71643 1.14786
Nogal 5.39111 1.46754 11.0898 3.03739
Aguacate 5.91378 1.66809 12.7947 2.94155
Nanche 2.64659 0.592901 7.86591 2.00205
Fresno 4.04933 0.936279 9.69378 2.27774
Naranja 3.86889 0.870863 8.224 1.61752
Rosa 3.31378 0.667576 5.60578 1.08476
