Nispero 4.92844 1.41077 16.4335 3.9503
DOLAR 5.67333 1.53945 5.54667 1.57514
capulin 2.6433 1.24916 9.07679 1.38126
Bambu 2.58578 0.480952 13.792 2.21495
ficus 3.94444 0.333244 8.34889 0.783542
Eucalipto 1.47867 0.293817 12.2418 3.26377
Manzana 3.51422 0.554585 6.59733 0.973071
Granada 2.195 0.674745 5.73635 1.19244
Nogal 5.46 1.46884 11.1711 3.01052
Aguacate 5.78622 1.57277 12.5876 2.79675
Nanche 2.62841 0.611966 7.80057 1.98118
Fresno 4.05778 0.897986 9.63822 2.28474
Naranja 3.81111 0.855033 8.11511 1.61857
Rosa 3.27511 0.67639 5.54311 1.07053
