Nispero 5.03244 1.41243 16.598 3.96056
DOLAR 5.71378 1.5217 5.66311 1.54221
capulin 2.65759 1.25549 9.14241 1.3763
Bambu 2.56711 0.473289 13.7747 2.21833
ficus 3.92578 0.326716 8.32178 0.778859
Eucalipto 1.48444 0.304985 12.0787 3.2165
Manzana 3.54089 0.594558 6.60622 1.02158
Granada 2.16843 0.681375 5.67417 1.16923
Nogal 5.36356 1.50633 11.0231 3.08638
Aguacate 5.71822 1.58789 12.4631 2.82002
Nanche 2.62045 0.571346 7.8125 2.01442
Fresno 4.02089 0.921741 9.49289 2.22262
Naranja 3.856 0.877838 8.17778 1.64258
Rosa 3.31778 0.693364 5.60178 1.10881
