Nispero 4.87511 1.33677 16.1193 3.7254
DOLAR 5.62089 1.41631 5.58889 1.53029
capulin 2.575 1.23891 8.96161 1.34786
Bambu 2.568 0.469563 13.7467 2.2239
ficus 3.928 0.341697 8.31956 0.794102
Eucalipto 1.48844 0.305675 12.1733 3.29568
Manzana 3.52 0.592588 6.56844 1.01222
Granada 2.17748 0.672271 5.70252 1.12146
Nogal 5.37156 1.53375 10.9422 3.08864
Aguacate 5.844 1.65742 12.6591 2.90279
Nanche 2.66307 0.596322 8.075 1.9506
Fresno 4.02889 0.886864 9.304 1.992
Naranja 3.77467 0.846225 8.05911 1.57617
Rosa 3.25378 0.671084 5.50356 1.0682
