Nispero 5.00578 1.42045 16.5268 3.94895
DOLAR 5.72044 1.53414 5.612 1.59096
capulin 2.64955 1.25291 9.16429 1.35573
Bambu 2.57378 0.480119 13.6187 2.20199
ficus 3.92933 0.335719 8.31022 0.798063
Eucalipto 1.50622 0.305246 12.2769 3.16592
Manzana 3.53244 0.603388 6.60222 1.02863
Granada 2.185 0.679336 5.74022 1.17872
Nogal 5.36889 1.51168 10.9751 3.0683
Aguacate 5.73778 1.56771 12.5262 2.82451
Nanche 2.61932 0.540974 7.79716 1.97228
Fresno 4.07289 0.929489 9.54667 2.25561
Naranja 3.83911 0.858611 8.16889 1.65119
Rosa 3.30178 0.685042 5.59822 1.10158
