Nispero 4.92311 1.36761 16.3877 3.85953
DOLAR 5.72 1.53131 5.65467 1.60796
capulin 2.52232 0.583512 8.97589 1.35764
Bambu 2.57067 0.478588 13.816 2.19248
ficus 3.94356 0.341956 8.4 0.789722
Eucalipto 1.50489 0.309266 12.3347 3.25308
Manzana 3.57333 0.590853 6.69422 1.00637
Granada 2.05009 0.582997 5.67687 1.19218
Nogal 5.39822 1.51144 11.1227 3.05245
Aguacate 6.01022 1.65436 12.8329 2.94069
Nanche 2.635 0.58788 7.889 1.96844
Fresno 4.02311 0.916076 9.66267 2.27773
Naranja 3.85333 0.859869 8.20444 1.62615
Rosa 3.31467 0.684267 5.63156 1.10733
