Nispero 4.97822 1.41422 16.5022 3.89618
DOLAR 5.69067 1.44888 5.63733 1.44597
capulin 2.63438 1.25834 9.09375 1.41147
Bambu 2.59467 0.472047 13.892 2.15415
ficus 3.93378 0.346818 8.34844 0.815973
Eucalipto 1.49289 0.308862 12.3302 3.30612
Manzana 3.50933 0.585885 6.57378 0.982561
Granada 2.20096 0.669619 5.79117 1.15357
Nogal 5.46044 1.52186 11.144 3.13214
Aguacate 5.892 1.60257 12.768 2.82804
Nanche 2.62784 0.591432 7.87784 1.96623
Fresno 4.15289 0.845948 9.66489 2.1607
Naranja 3.80711 0.860722 8.14356 1.62422
Rosa 3.28622 0.687215 5.55733 1.10855
