Nispero 4.90489 1.39803 16.3757 3.95645
DOLAR 5.72933 1.47785 5.712 1.56162
capulin 2.62768 1.25945 9.0308 1.41046
Bambu 2.58978 0.468977 13.7871 2.1858
ficus 3.93689 0.338878 8.30711 0.815006
Eucalipto 1.5 0.307641 12.2338 3.14651
Manzana 3.52933 0.597339 6.60133 1.01258
Granada 2.17357 0.681451 5.75296 1.19362
Nogal 5.37067 1.50938 10.9213 3.0565
Aguacate 6.02711 1.63888 13.0502 2.81422
Nanche 2.64432 0.604149 8.00341 1.98874
Fresno 4.09289 0.860359 9.508 2.06273
Naranja 3.84578 0.87795 8.18578 1.66196
Rosa 3.26311 0.666426 5.52489 1.07063
