Nispero 5.03956 1.38122 16.5824 3.84239
DOLAR 5.80711 1.47283 5.74089 1.56731
capulin 2.59777 1.25135 9.07321 1.39506
Bambu 2.59156 0.478716 13.7347 2.20973
ficus 3.93467 0.346858 8.35867 0.797836
Eucalipto 1.51689 0.296827 12.4369 3.24135
Manzana 3.54756 0.596572 6.616 1.02374
Granada 2.19052 0.629799 5.75861 1.12872
Nogal 5.34044 1.47121 10.9667 3.05594
Aguacate 6.04356 1.60211 13.0058 2.77156
Nanche 2.66023 0.594554 7.98011 1.86554
Fresno 4.01911 0.911405 9.74178 2.23797
Naranja 3.83911 0.865912 8.17956 1.64179
Rosa 3.304 0.687342 5.59067 1.11325
