Nispero 4.95022 1.39486 16.4482 3.87696
DOLAR 5.65244 1.47733 5.59867 1.56583
capulin 2.58044 1.24362 8.99911 1.36745
Bambu 2.58711 0.481685 13.8324 2.17134
ficus 3.95156 0.33781 8.39867 0.79133
Eucalipto 1.51867 0.278561 12.4538 3.23335
Manzana 3.58933 0.568968 6.69867 0.988482
Granada 2.06574 0.604773 5.68209 1.19073
Nogal 5.35511 1.34947 11.064 2.88977
Aguacate 6.02311 1.63936 12.8644 2.87872
Nanche 2.63831 0.588282 7.9 1.9697
Fresno 4.00222 0.925552 9.65111 2.28936
Naranja 3.91689 0.832316 8.37378 1.53823
Rosa 3.31378 0.674892 5.59911 1.0733
